#
# HistParam_E72_0
#

#
# TH1
#
# key       nbinsx  xlow    xup

BH2Nhits    16  -0.5    15.5
BH2HitPat   15  -0.5    14.5
BH2X        150 -150    150
BH2Y        100 -100    100
BH2Z        2000    -1000   1000
BH2U        100 -0.2    0.2
BH2V        100 -0.1    0.1

BACNhits	2	-0.5	1.5
BACHitPat	1	-0.5	0.5
BACX		100	-100	100
BACY		100	-100	100
BACZ		2000	-1000	1000
BACU		100	-0.2	0.2
BACV		100	-0.1	0.1

KVCNhits	9	-0.5	8.5
KVCHitPat	8	-0.5	7.5
KVCX		100	0	400
KVCY		100	-100	100
KVCZ		2000	-1000	1000
KVCU		100	-0.2	0.8
KVCV		100	-0.1	0.1

TGTNhits	2	-0.5	1.5
TGTHitPat	1	-0.5	0.5
TGTX		100	-100	100
TGTY		100	-100	100
TGTZ		2000	-1000	1000
TGTU		100	-0.2	0.4
TGTV		100	-0.1	0.1

TPCNhits	6001	-0.5	6000.5
TPCHitPat	6001	-0.5	6000.5
TPCX		100	-100	100
TPCY		100	-100	100
TPCZ		2000	-1000	1000
TPCU		100	-0.2	0.2
TPCV		100	-0.1	0.1

HTOFNhits	35	-0.5	34.5
HTOFHitPat	34	-0.5	33.5
HTOFX		100	-100	100
HTOFY		100	-100	100
HTOFZ		2000	-1000	1000
HTOFU		100	-0.2	0.2
HTOFV		100	-0.1	0.1

#추가
BVH_UNhits	16	-0.5	15.5
BVH_UHitPat	15	-0.5	14.5
BVH_UX		100	-100	100
BVH_UY		100	-100	100
BVH_UZ		2000	-1000	1000
BVH_UU		100	-0.2	0.2
BVH_UV		100	-0.1	0.1

BVH_DNhits	55	-0.5	54.5
BVH_DHitPat	54	-0.5	53.5
BVH_DX		100	-100	100
BVH_DY		100	-100	100
BVH_DZ		2000	-1000	1000
BVH_DU		100	-0.2	0.2
BVH_DV		100	-0.1	0.1

T0Nhits	10	-0.5	9.5
T0HitPat	10	-0.5	9.5
T0X		100	-100	100
T0Y		100	-100	100
T0Z		2000	-1000	1000
T0U		100	-0.2	0.2
T0V		100	-0.1	0.1

SCHNhits     65  -0.5   64.5      # NumOfSegSCH(=64) → Nhits는 64+1 bin
SCHHitPat    64  -0.5   63.5      # 세그먼트 패턴: 정확히 64 bin
SCHX         300 -300   300       # X 범위는 아래 TH2와 일치시켜 넉넉히
SCHY         150 -150   150
SCHZ         2000 -1000 1000
SCHU         100 -0.2   0.2
SCHV         100 -0.1   0.1

#
# TH2
#
# key	nbinsx	xlow	xup	nbinsy	ylow	yup
BH2Y%X	100	-100	100	100	-100	100
BH2V%U	100	-0.1	0.1	100	-0.1	0.1
BH2U%X	100	-100	100	100	-0.1	0.1
BH2V%Y	100	-100	100	100	-0.1	0.1

BACY%X	100	-100	100	100	-100	100
BACV%U	100	-0.1	0.1	100	-0.1	0.1
BACU%X	100	-100	100	100	-0.1	0.1
BACV%Y	100	-100	100	100	-0.1	0.1

KVCY%X	100	-100	100	100	-100	100
KVCV%U	100	-0.1	0.1	100	-0.1	0.1
KVCU%X	100	-100	100	100	-0.1	0.1
KVCV%Y	100	-100	100	100	-0.1	0.1

TGTY%X	100	-100	100	100	-100	100
TGTV%U	100	-0.1	0.1	100	-0.1	0.1
TGTU%X	100	-100	100	100	-0.1	0.1
TGTV%Y	100	-100	100	100	-0.1	0.1

TPCY%X	100	-100	100	100	-100	100
TPCV%U	100	-0.1	0.1	100	-0.1	0.1
TPCU%X	100	-100	100	100	-0.1	0.1
TPCV%Y	100	-100	100	100	-0.1	0.1

HTOFY%X	100	-100	100	100	-100	100
HTOFV%U	100	-0.1	0.1	100	-0.1	0.1
HTOFU%X	100	-100	100	100	-0.1	0.1
HTOFV%Y	100	-100	100	100	-0.1	0.1

#추가
BVH_UY%X	100	-100	100	100	-100	100
BVH_UV%U	100	-0.1	0.1	100	-0.1	0.1
BVH_UU%X	100	-100	100	100	-0.1	0.1
BVH_UV%Y	100	-100	100	100	-0.1	0.1

BVH_DY%X	300	-300	300	150	-150	150
BVH_DV%U	100	-0.1	0.1	100	-0.1	0.1
BVH_DU%X	100	-100	100	100	-0.1	0.1
BVH_DV%Y	100	-100	100	100	-0.1	0.1

T0Y%X	100	-100	100	100	-100	100
T0V%U	100	-0.1	0.1	100	-0.1	0.1
T0U%X	100	-100	100	100	-0.1	0.1
T0V%Y	100	-100	100	100	-0.1	0.1

SCHY%X     300 -300 300   150 -150 150
SCHV%U     100 -0.1 0.1   100 -0.1 0.1
SCHU%X     300 -300 300   100 -0.1 0.1   # X 범위를 TH1의 SCHX와 맞춤
SCHV%Y     150 -150 150   100 -0.1 0.1

# param/HIST/HistParam_E72_0 파일에 추가할 내용

#
# For Virtual Planes (VP)
#
# key       nbinsx  xlow    xup
VPNhits     10  -0.5    9.5
VPHitPat    10  -0.5    9.5
VPX         500 -500    500
VPY         500 -500    500
VPZ         4000    -2000   2000
VPU         100 -0.2    0.2
VPV         100 -0.1    0.1
# key       nbinsx  xlow    xup nbinsy  ylow    yup
VPY%X       200 -500    500 200 -500    500
VPV%U       100 -0.1    0.1 100 -0.1    0.1
VPU%X       200 -500    500 100 -0.1    0.1
VPV%Y       200 -500    500 100 -0.1    0.1